1.000000000000000000e+01 1.000000000000000000e+01 4.699999988079071045e-01 4.065244391930000347e+02
1.000000000000000000e+01 2.000000000000000000e+01 4.920000135898590088e-01 3.935017527840000184e+02
1.000000000000000000e+01 3.000000000000000000e+01 5.019999742507934570e-01 3.964204552760002116e+02
1.000000000000000000e+01 4.000000000000000000e+01 4.975000023841857910e-01 4.096920388640000965e+02
1.000000000000000000e+01 5.000000000000000000e+01 5.170000195503234863e-01 4.096920388640000965e+02
1.000000000000000000e+01 6.000000000000000000e+01 5.049999952316284180e-01 4.343405702310001288e+02
1.000000000000000000e+01 7.000000000000000000e+01 5.059999823570251465e-01 4.648261010000005626e+02
1.000000000000000000e+01 8.000000000000000000e+01 5.164999961853027344e-01 4.712525716989994180e+02
1.000000000000000000e+01 9.000000000000000000e+01 5.115000009536743164e-01 4.829570453610012919e+02
1.000000000000000000e+01 1.000000000000000000e+02 4.970000088214874268e-01 5.017704017809992365e+02
2.000000000000000000e+01 1.000000000000000000e+01 4.950000047683715820e-01 4.481344191799998953e+02
2.000000000000000000e+01 2.000000000000000000e+01 5.040000081062316895e-01 4.661828149210014089e+02
2.000000000000000000e+01 3.000000000000000000e+01 5.289999842643737793e-01 4.804707105500001489e+02
2.000000000000000000e+01 4.000000000000000000e+01 5.099999904632568359e-01 5.075355481010010408e+02
2.000000000000000000e+01 5.000000000000000000e+01 5.239999890327453613e-01 5.330655012520001037e+02
2.000000000000000000e+01 6.000000000000000000e+01 4.959999918937683105e-01 5.491489096799996332e+02
2.000000000000000000e+01 7.000000000000000000e+01 5.214999914169311523e-01 5.780229766659995221e+02
2.000000000000000000e+01 8.000000000000000000e+01 5.124999880790710449e-01 5.860633331659992109e+02
2.000000000000000000e+01 9.000000000000000000e+01 5.189999938011169434e-01 6.128999672249992727e+02
2.000000000000000000e+01 1.000000000000000000e+02 5.049999952316284180e-01 6.385983541719997447e+02
3.000000000000000000e+01 1.000000000000000000e+01 4.964999854564666748e-01 4.992221028820003994e+02
3.000000000000000000e+01 2.000000000000000000e+01 5.080000162124633789e-01 5.202358698299995012e+02
3.000000000000000000e+01 3.000000000000000000e+01 5.015000104904174805e-01 5.321078553509996709e+02
3.000000000000000000e+01 4.000000000000000000e+01 5.105000138282775879e-01 5.571711673140016501e+02
3.000000000000000000e+01 5.000000000000000000e+01 5.164999961853027344e-01 5.856213402579996909e+02
3.000000000000000000e+01 6.000000000000000000e+01 5.230000019073486328e-01 6.068405018979974557e+02
3.000000000000000000e+01 7.000000000000000000e+01 5.134999752044677734e-01 6.382949308749994088e+02
3.000000000000000000e+01 8.000000000000000000e+01 5.314999818801879883e-01 6.474458604909996211e+02
3.000000000000000000e+01 9.000000000000000000e+01 5.065000057220458984e-01 6.694686032739991788e+02
3.000000000000000000e+01 1.000000000000000000e+02 5.310000181198120117e-01 7.023175507129999460e+02
4.000000000000000000e+01 1.000000000000000000e+01 4.880000054836273193e-01 5.935419517010013806e+02
4.000000000000000000e+01 2.000000000000000000e+01 5.080000162124633789e-01 6.201453222070012998e+02
4.000000000000000000e+01 3.000000000000000000e+01 5.254999995231628418e-01 6.271023195719972136e+02
4.000000000000000000e+01 4.000000000000000000e+01 5.235000252723693848e-01 6.595508418669996900e+02
4.000000000000000000e+01 5.000000000000000000e+01 5.214999914169311523e-01 6.959082190919980349e+02
4.000000000000000000e+01 6.000000000000000000e+01 5.249999761581420898e-01 7.105215852959991025e+02
4.000000000000000000e+01 7.000000000000000000e+01 5.245000123977661133e-01 7.295584681770014868e+02
4.000000000000000000e+01 8.000000000000000000e+01 5.195000171661376953e-01 7.480468961059996218e+02
4.000000000000000000e+01 9.000000000000000000e+01 5.285000205039978027e-01 7.856868634409984224e+02
4.000000000000000000e+01 1.000000000000000000e+02 5.320000052452087402e-01 8.038274402669994743e+02
5.000000000000000000e+01 1.000000000000000000e+01 4.790000021457672119e-01 6.487512145799992140e+02
5.000000000000000000e+01 2.000000000000000000e+01 5.084999799728393555e-01 6.834545390540006338e+02
5.000000000000000000e+01 3.000000000000000000e+01 5.145000219345092773e-01 7.092783292280000751e+02
5.000000000000000000e+01 4.000000000000000000e+01 5.245000123977661133e-01 7.611171144410000124e+02
5.000000000000000000e+01 5.000000000000000000e+01 5.070000290870666504e-01 8.025175446970024495e+02
5.000000000000000000e+01 6.000000000000000000e+01 5.224999785423278809e-01 8.266628636179993919e+02
5.000000000000000000e+01 7.000000000000000000e+01 5.304999947547912598e-01 8.631374845919963263e+02
5.000000000000000000e+01 8.000000000000000000e+01 5.230000019073486328e-01 8.714023310720003792e+02
5.000000000000000000e+01 9.000000000000000000e+01 5.270000100135803223e-01 9.110385809840008733e+02
5.000000000000000000e+01 1.000000000000000000e+02 5.149999856948852539e-01 9.486289348719947156e+02
6.000000000000000000e+01 1.000000000000000000e+01 4.939999878406524658e-01 7.208729124169985880e+02
6.000000000000000000e+01 2.000000000000000000e+01 5.139999985694885254e-01 7.474566670679996605e+02
6.000000000000000000e+01 3.000000000000000000e+01 5.164999961853027344e-01 7.673690973519987892e+02
6.000000000000000000e+01 4.000000000000000000e+01 5.289999842643737793e-01 7.988146754280023742e+02
6.000000000000000000e+01 5.000000000000000000e+01 5.199999809265136719e-01 8.436312704380034120e+02
6.000000000000000000e+01 6.000000000000000000e+01 5.095000267028808594e-01 8.649153100879993872e+02
6.000000000000000000e+01 7.000000000000000000e+01 5.249999761581420898e-01 9.073512843210046412e+02
6.000000000000000000e+01 8.000000000000000000e+01 5.429999828338623047e-01 9.265629285350005375e+02
6.000000000000000000e+01 9.000000000000000000e+01 5.350000262260437012e-01 9.311626125799994043e+02
6.000000000000000000e+01 1.000000000000000000e+02 5.260000228881835938e-01 9.848944417580023583e+02
7.000000000000000000e+01 1.000000000000000000e+01 5.099999904632568359e-01 7.708233914090000098e+02
7.000000000000000000e+01 2.000000000000000000e+01 5.059999823570251465e-01 8.160259077160001198e+02
7.000000000000000000e+01 3.000000000000000000e+01 5.214999914169311523e-01 8.317014720020001732e+02
7.000000000000000000e+01 4.000000000000000000e+01 5.254999995231628418e-01 8.910544150469995657e+02
7.000000000000000000e+01 5.000000000000000000e+01 5.090000033378601074e-01 9.325113201620006294e+02
7.000000000000000000e+01 6.000000000000000000e+01 5.239999890327453613e-01 9.545029425340017042e+02
7.000000000000000000e+01 7.000000000000000000e+01 5.264999866485595703e-01 9.959042860899990046e+02
7.000000000000000000e+01 8.000000000000000000e+01 5.214999914169311523e-01 1.009201479825000206e+03
7.000000000000000000e+01 9.000000000000000000e+01 5.264999866485595703e-01 1.054911803211000006e+03
7.000000000000000000e+01 1.000000000000000000e+02 5.310000181198120117e-01 1.097435112473998743e+03
8.000000000000000000e+01 1.000000000000000000e+01 4.914999902248382568e-01 8.166721541889996843e+02
8.000000000000000000e+01 2.000000000000000000e+01 5.155000090599060059e-01 8.589971075319999727e+02
8.000000000000000000e+01 3.000000000000000000e+01 5.205000042915344238e-01 8.742757903789997727e+02
8.000000000000000000e+01 4.000000000000000000e+01 5.304999947547912598e-01 9.345817998129987245e+02
8.000000000000000000e+01 5.000000000000000000e+01 5.239999890327453613e-01 9.801797957479993784e+02
8.000000000000000000e+01 6.000000000000000000e+01 5.310000181198120117e-01 1.011624072692000254e+03
8.000000000000000000e+01 7.000000000000000000e+01 5.360000133514404297e-01 1.042484411602999899e+03
8.000000000000000000e+01 8.000000000000000000e+01 5.339999794960021973e-01 1.053832447918000980e+03
8.000000000000000000e+01 9.000000000000000000e+01 5.440000295639038086e-01 1.103463889923001261e+03
8.000000000000000000e+01 1.000000000000000000e+02 5.329999923706054688e-01 1.145718035145997419e+03
9.000000000000000000e+01 1.000000000000000000e+01 4.959999918937683105e-01 8.941376501120003013e+02
9.000000000000000000e+01 2.000000000000000000e+01 5.249999761581420898e-01 9.415447930540003654e+02
9.000000000000000000e+01 3.000000000000000000e+01 5.195000171661376953e-01 9.604211251520000587e+02
9.000000000000000000e+01 4.000000000000000000e+01 5.325000286102294922e-01 1.027492225279998820e+03
9.000000000000000000e+01 5.000000000000000000e+01 5.130000114440917969e-01 1.080659371395999187e+03
9.000000000000000000e+01 6.000000000000000000e+01 5.170000195503234863e-01 1.096923788620999403e+03
9.000000000000000000e+01 7.000000000000000000e+01 5.184999704360961914e-01 1.149050255755002581e+03
9.000000000000000000e+01 8.000000000000000000e+01 5.249999761581420898e-01 1.159888047555003141e+03
9.000000000000000000e+01 9.000000000000000000e+01 5.170000195503234863e-01 1.212488973379000527e+03
9.000000000000000000e+01 1.000000000000000000e+02 5.214999914169311523e-01 1.261011738817996957e+03
1.000000000000000000e+02 1.000000000000000000e+01 5.090000033378601074e-01 9.645455762929996126e+02
1.000000000000000000e+02 2.000000000000000000e+01 5.235000252723693848e-01 1.017161346881999634e+03
1.000000000000000000e+02 3.000000000000000000e+01 5.350000262260437012e-01 1.034310500365998450e+03
1.000000000000000000e+02 4.000000000000000000e+01 5.149999856948852539e-01 1.111464222113998403e+03
1.000000000000000000e+02 5.000000000000000000e+01 5.164999961853027344e-01 1.167679560791999393e+03
1.000000000000000000e+02 6.000000000000000000e+01 5.220000147819519043e-01 1.188321577783000976e+03
1.000000000000000000e+02 7.000000000000000000e+01 5.199999809265136719e-01 1.243014287195001089e+03
1.000000000000000000e+02 8.000000000000000000e+01 5.270000100135803223e-01 1.257300716548001219e+03
1.000000000000000000e+02 9.000000000000000000e+01 5.184999704360961914e-01 1.310487673396004539e+03
1.000000000000000000e+02 1.000000000000000000e+02 5.320000052452087402e-01 1.371886302596998576e+03

